  310.0   0.248
  320.0   0.725
  330.0   1.368
  340.0   1.757
  350.0   3.383
  370.0   6.188
  390.0   8.680
  410.0  12.436
  430.0  14.277
  450.0  18.171
  470.0  20.122
  490.0  20.483
  510.0  20.804
  530.0  21.317
  550.0  32.603
  590.0  42.537
  630.0  42.613
  670.0  40.063
  710.0  25.511
  724.4  19.425
  752.5  18.972
  767.5  17.003
  800.0  26.919
  823.7  12.966
  840.0  22.476
  880.0  30.690
  915.0  13.788
  930.0   5.375
  948.0   9.028
  980.0  20.189
 1040.0  39.169
 1100.0  18.218
 1130.0   4.183
 1161.0  11.042
 1200.0  23.459
 1290.0  27.352
 1350.0   5.907
 1442.5   2.588
 1477.0   4.579
 1520.0   8.827
 1558.0   9.032
 1592.0   7.583
 1630.0   8.567
 1678.0  15.700
 1800.0   7.707
