  305.0   7.138
  315.0   6.810
  325.0   8.331
  335.0   9.241
  345.0  10.520
  360.0  19.136
  380.0  22.116
  400.0  28.324
  420.0  33.641
  440.0  36.468
  460.0  40.112
  480.0  39.558
  500.0  38.255
  520.0  37.581
  540.0  42.404
  570.0  71.275
  610.0  68.397
  656.0  61.042
  690.0  53.134
  718.0  27.168
  740.0  31.427
  757.5  14.870
  767.5  23.116
  800.0  36.720
  823.7  19.026
  840.0  28.634
  880.0  39.102
  915.0  19.761
  930.0  11.752
  948.0  20.836
  980.0  28.062
 1040.0  47.407
 1100.0  29.396
 1130.0  15.913
 1161.0  16.295
 1200.0  30.993
 1270.0  25.081
 1320.0  25.158
 1395.0  29.531
 1462.5  13.830
 1497.0  12.156
 1539.0  10.985
 1578.0   9.048
 1610.0   8.812
 1646.0  12.740
 1740.0  21.894
 1860.0  17.413
 1960.0   8.888
 2005.0   5.812
 2065.0   6.689
 2148.0   8.207
 2270.0  10.573
 2450.0   8.236
 2600.0   7.556
 2800.0   6.427
 3000.0   5.015
 3200.0   5.507
 3600.0   5.220
 4000.0   2.953
