  310.0   0.633
  320.0   1.772
  330.0   3.335
  340.0   4.100
  350.0   7.252
  370.0  12.207
  390.0  15.723
  410.0  21.118
  430.0  22.961
  450.0  28.208
  470.0  30.675
  490.0  30.251
  510.0  29.835
  530.0  29.786
  550.0  44.130
  590.0  56.177
  630.0  55.447
  670.0  51.329
  710.0  32.073
  724.4  23.325
  752.5  20.479
  762.5  10.993
  780.0  30.489
  816.0  22.642
  831.5  16.747
  860.0  34.821
  905.0  26.555
  925.0   9.148
  937.0   6.328
  965.0  14.547
  993.5  37.872
 1070.0  35.092
 1120.0   8.912
 1137.0   7.087
 1180.0  17.047
 1235.0  33.724
 1320.0  16.361
 1395.0   2.946
 1462.5   3.287
 1497.0   7.372
 1539.0   9.942
 1578.0   8.534
 1610.0   8.270
 1646.0  12.105
 1740.0  15.161
 1860.0   2.348
 1960.0   1.646
 2005.0   3.137
 2065.0   5.072
 2148.0   7.609
 2270.0   9.819
 2450.0   4.884
 2537.0   1.699
 2973.0   0.730
 3056.0   0.545
 3156.0   0.678
 3245.0   0.665
 3344.0   1.306
 3573.0   3.417
 4045.0   3.407
